,MSFT,DIS,TSLA,FB,ADBE,V
2020-10-01,211.4182891845703,123.30999755859375,448.1600036621094,266.6300048828125,499.510009765625,202.72933959960938
2020-10-02,205.1790313720703,122.55000305175781,415.0899963378906,259.94000244140625,478.989990234375,200.84510803222656
2020-10-05,209.34849548339844,123.37000274658203,425.67999267578125,264.6499938964844,486.4700012207031,202.91873168945312
2020-10-06,204.90040588378906,120.93000030517578,413.9800109863281,258.6600036621094,478.9800109863281,199.8381805419922
2020-10-07,208.80117797851562,122.91000366210938,425.29998779296875,258.1199951171875,493.1499938964844,201.85202026367188
2020-10-08,209.54751586914062,123.08999633789062,425.9200134277344,263.760009765625,490.8399963378906,202.36045837402344
2020-10-09,214.75186157226562,124.9800033569336,434.0,264.45001220703125,502.1600036621094,206.00929260253906
2020-10-12,220.314453125,124.97000122070312,442.29998779296875,275.75,510.8900146484375,205.77000427246094
2020-10-13,221.7672882080078,128.9600067138672,446.6499938964844,276.1400146484375,514.3099975585938,203.69638061523438
2020-10-14,219.777099609375,126.58999633789062,461.29998779296875,271.82000732421875,506.30999755859375,201.5828399658203
2020-10-15,218.58299255371094,127.36000061035156,448.8800048828125,266.7200012207031,501.1499938964844,198.94093322753906
2020-10-16,218.58299255371094,126.80999755859375,439.6700134277344,265.92999267578125,502.82000732421875,199.6487579345703
2020-10-19,213.16966247558594,124.2300033569336,430.8299865722656,261.3999938964844,495.20001220703125,196.36880493164062
2020-10-20,213.5975341796875,124.94999694824219,421.94000244140625,267.55999755859375,494.5799865722656,197.09657287597656
2020-10-21,213.746826171875,126.62999725341797,422.6400146484375,278.7300109863281,495.9599914550781,197.8243408203125
2020-10-22,213.83636474609375,127.55999755859375,425.7900085449219,278.1199951171875,483.6000061035156,197.3856964111328
2020-10-23,215.1697998046875,128.35000610351562,420.6300048828125,284.7900085449219,488.5,197.40562438964844
2020-10-26,209.04995727539062,124.05999755859375,420.2799987792969,277.1099853515625,475.20001220703125,192.480712890625
2020-10-27,212.2044219970703,123.30999755859375,424.67999267578125,283.2900085449219,478.55999755859375,189.4799041748047
2020-10-28,201.6862335205078,118.47000122070312,406.0199890136719,267.6700134277344,456.9700012207031,180.3179473876953
2020-10-29,203.7162322998047,121.54000091552734,410.8299865722656,280.8299865722656,461.1099853515625,184.30572509765625
