Date,Open,High,Low,Close
2020-10-01,124.94000244140625,125.47000122070312,122.41999816894531,123.30999755859375
2020-10-02,121.98999786376953,123.68000030517578,121.69000244140625,122.55000305175781
2020-10-05,123.26000213623047,123.5999984741211,122.33000183105469,123.37000274658203
2020-10-06,123.12999725341797,124.19000244140625,120.61000061035156,120.93000030517578
2020-10-07,121.94999694824219,123.30999755859375,120.93000030517578,122.91000366210938
2020-10-08,123.58000183105469,123.75,122.41999816894531,123.08999633789062
2020-10-09,123.8499984741211,125.55000305175781,123.33000183105469,124.9800033569336
2020-10-12,124.9000015258789,125.94000244140625,123.7300033569336,124.97000122070312
2020-10-13,129.8000030517578,131.36000061035156,127.9000015258789,128.9600067138672
2020-10-14,129.13999938964844,129.5,125.29000091552734,126.58999633789062
2020-10-15,125.0,127.4000015258789,124.43000030517578,127.36000061035156
2020-10-16,127.80999755859375,128.1199951171875,126.33000183105469,126.80999755859375
2020-10-19,127.37000274658203,127.4000015258789,123.70999908447266,124.2300033569336
2020-10-20,124.58000183105469,125.7300033569336,123.63999938964844,124.94999694824219
2020-10-21,124.36000061035156,127.55999755859375,123.83999633789062,126.62999725341797
2020-10-22,126.66999816894531,128.10000610351562,125.97000122070312,127.55999755859375
2020-10-23,128.10000610351562,128.5,126.3499984741211,128.35000610351562
2020-10-26,127.11000061035156,127.11000061035156,122.94999694824219,124.05999755859375
2020-10-27,124.02999877929688,124.61000061035156,123.02999877929688,123.30999755859375
2020-10-28,121.01000213623047,121.52999877929688,118.31999969482422,118.47000122070312
2020-10-29,118.16000366210938,122.62999725341797,117.2300033569336,121.54000091552734
