Date,Open,High,Low,Close
2020-10-01,265.3500061035156,268.3299865722656,264.79998779296875,266.6300048828125
2020-10-02,261.2099914550781,265.1499938964844,259.17999267578125,259.94000244140625
2020-10-05,262.20001220703125,264.8699951171875,260.8399963378906,264.6499938964844
2020-10-06,261.7799987792969,265.69000244140625,258.239990234375,258.6600036621094
2020-10-07,259.2099914550781,260.17999267578125,254.82000732421875,258.1199951171875
2020-10-08,259.75,264.6199951171875,259.1499938964844,263.760009765625
2020-10-09,264.5199890136719,264.75,262.1700134277344,264.45001220703125
2020-10-12,270.20001220703125,280.17999267578125,267.8699951171875,275.75
2020-10-13,277.5799865722656,279.1000061035156,273.3900146484375,276.1400146484375
2020-10-14,277.6199951171875,278.75,271.5,271.82000732421875
2020-10-15,267.6000061035156,269.0400085449219,263.6700134277344,266.7200012207031
2020-10-16,267.3800048828125,271.3699951171875,265.29998779296875,265.92999267578125
2020-10-19,265.5299987792969,268.54998779296875,259.8800048828125,261.3999938964844
2020-10-20,263.05999755859375,269.70001220703125,262.8800048828125,267.55999755859375
2020-10-21,279.55999755859375,283.04998779296875,276.3699951171875,278.7300109863281
2020-10-22,279.8699951171875,282.45001220703125,275.0400085449219,278.1199951171875
2020-10-23,278.79998779296875,285.239990234375,276.82000732421875,284.7900085449219
2020-10-26,283.1600036621094,285.2300109863281,274.260009765625,277.1099853515625
2020-10-27,278.760009765625,284.510009765625,276.30999755859375,283.2900085449219
2020-10-28,278.7900085449219,278.7900085449219,267.260009765625,267.6700134277344
2020-10-29,276.54998779296875,283.6000061035156,273.7799987792969,280.8299865722656
