Date,Open,High,Low,Close
2020-10-01,212.44323775324096,212.9407861917791,210.28387935206229,211.4182891845703
2020-10-02,206.98015432401172,209.95549950864992,204.53220927942357,205.1790313720703
2020-10-05,206.2039855631086,209.37834717636534,205.96515683539926,209.34849548339844
2020-10-06,207.79614150073346,209.14945870521683,203.81575390926855,204.90040588378906
2020-10-07,206.04475539810196,209.0798038872968,205.70642610657814,208.80117797851562
2020-10-08,209.4778517948927,210.1545256111216,207.29860224644383,209.54751586914062
2020-10-09,210.1943159054745,214.80161945452673,210.1943159054745,214.75186157226562
2020-10-12,217.7172495433487,222.76239824148846,215.74696188332933,220.314453125
2020-10-13,221.62797525409917,224.10577191715987,219.34919492748318,221.7672882080078
2020-10-14,221.90660634542056,223.12062576525688,218.05558624215408,219.777099609375
2020-10-15,216.03554687421266,219.2795573592028,214.95087969426035,218.58299255371094
2020-10-16,219.07058032556827,221.20008712177142,218.24466324589687,218.58299255371094
2020-10-19,219.33926031554117,221.21004737574992,212.67211401778354,213.16966247558594
2020-10-20,214.74190467507606,216.3041988441557,212.04518551294285,213.5975341796875
2020-10-21,212.07505541369935,215.8564268299789,212.07505541369935,213.746826171875
2020-10-22,212.88106507459545,215.00062625624994,210.66200331680923,213.83636474609375
2020-10-23,213.9756865538837,215.21955768679888,212.1148601979142,215.1697998046875
2020-10-26,212.80147681659759,215.27925836446164,207.07966967714333,209.04995727539062
2020-10-27,210.55255743608112,213.6174578267441,209.29874076061756,212.2044219970703
2020-10-28,206.65177254523448,207.81603410260462,201.10909067720883,201.6862335205078
2020-10-29,203.06942540834265,206.34328742742343,202.37284545264728,203.7162322998047
