Date,Open,High,Low,Close
2020-10-01,440.760009765625,448.8800048828125,434.4200134277344,448.1600036621094
2020-10-02,421.3900146484375,439.1300048828125,415.0,415.0899963378906
2020-10-05,423.3500061035156,433.6400146484375,419.3299865722656,425.67999267578125
2020-10-06,423.7900085449219,428.7799987792969,406.04998779296875,413.9800109863281
2020-10-07,419.8699951171875,429.8999938964844,413.8500061035156,425.29998779296875
2020-10-08,438.44000244140625,439.0,425.29998779296875,425.9200134277344
2020-10-09,430.1300048828125,434.5899963378906,426.4599914550781,434.0
2020-10-12,442.0,448.739990234375,438.5799865722656,442.29998779296875
2020-10-13,443.3500061035156,448.8900146484375,436.6000061035156,446.6499938964844
2020-10-14,449.7799987792969,465.8999938964844,447.3500061035156,461.29998779296875
2020-10-15,450.30999755859375,456.57000732421875,442.5,448.8800048828125
2020-10-16,454.44000244140625,455.95001220703125,438.8500061035156,439.6700134277344
2020-10-19,446.239990234375,447.0,428.8699951171875,430.8299865722656
2020-10-20,431.75,431.75,419.04998779296875,421.94000244140625
2020-10-21,422.70001220703125,432.95001220703125,421.25,422.6400146484375
2020-10-22,441.9200134277344,445.2300109863281,424.510009765625,425.7900085449219
2020-10-23,421.8399963378906,422.8900146484375,407.3800048828125,420.6300048828125
2020-10-26,411.6300048828125,425.760009765625,410.0,420.2799987792969
2020-10-27,423.760009765625,430.5,420.1000061035156,424.67999267578125
2020-10-28,416.4800109863281,418.6000061035156,406.0,406.0199890136719
2020-10-29,409.9599914550781,418.05999755859375,406.4599914550781,410.8299865722656
