Date,Open,High,Low,Close
2020-10-01,201.59281972515342,204.57368388758456,201.0245521818174,202.72933959960938
2020-10-02,199.38955756860074,202.21092163366237,198.79138281100853,200.84510803222656
2020-10-05,202.09127847082866,203.02839654684666,200.43634160914982,202.91873168945312
2020-10-06,203.48701308750637,204.47399687145509,199.1004489166107,199.8381805419922
2020-10-07,201.38345358538209,202.17103564612808,199.3795940038263,201.85202026367188
2020-10-08,203.3773493803457,203.67643676011292,201.61274753071336,202.36045837402344
2020-10-09,203.37735102133976,206.4479520681083,203.05832042375627,206.00929260253906
2020-10-12,206.3083645625851,207.33521950194543,205.10205112244503,205.77000427246094
2020-10-13,202.75924725472063,204.5836635435943,202.41030944186002,203.69638061523438
2020-10-14,204.0851886529281,204.3443896017635,200.5161137415592,201.5828399658203
2020-10-15,200.3964684725179,204.0752082273595,196.99688809227771,198.94093322753906
2020-10-16,199.37959298543353,202.03146253207498,198.80136144470563,199.6487579345703
2020-10-19,200.23696717586532,200.4562969038708,195.9002382592849,196.36880493164062
2020-10-20,196.94703679400521,199.05059721629186,196.10960431053402,197.09657287597656
2020-10-21,197.22618127922848,199.80827238028192,197.22618127922848,197.8243408203125
2020-10-22,198.731566786616,199.16026224230865,195.16249190924674,197.3856964111328
2020-10-23,199.14031900279136,199.26992708206646,195.4217080437867,197.40562438964844
2020-10-26,195.40176254932018,195.82047878646,190.13787955068312,192.480712890625
2020-10-27,192.41093326049963,193.10879370656585,188.6424716395252,189.4799041748047
2020-10-28,183.41845571728163,184.13625936486676,178.79261843963104,180.3179473876953
2020-10-29,182.44143767890097,186.42922866641794,178.79260527439126,184.30572509765625
